+----------+----------------+-------------+
|  taxiId  | avgIdleMinutes | idlePeriods |
+----------+----------------+-------------+
| 20000980 |    25584.87    |      4      |
| 20000941 |    5489.49     |     15      |
| 20000969 |    5169.45     |     60      |
| 20000312 |     782.14     |     584     |
| 20000510 |     711.90     |     680     |
| 20000609 |     682.30     |     586     |
| 20000579 |     669.10     |     765     |
| 20000079 |     631.05     |     101     |
| 20000185 |     532.88     |     675     |
| 20000449 |     517.98     |     980     |
| 20000902 |     440.92     |    1067     |
| 20000072 |     418.98     |    1218     |
| 20000535 |     395.51     |    1289     |
| 20000315 |     376.30     |    1344     |
| 20000071 |     373.07     |    1361     |
| 20000225 |     354.43     |    1440     |
| 20000545 |     351.48     |    1256     |
| 20000407 |     334.05     |    1458     |
| 20000205 |     322.90     |    1343     |
| 20000443 |     322.77     |    1564     |
+----------+----------------+-------------+