+---------------------+
|       tripId        |
+---------------------+
| 1372636896620000360 |
| 1372636956620000167 |
| 1372637423620000341 |
| 1372637610620000497 |
| 1372637721620000678 |
| 1372638361620000154 |
| 1372638851620000406 |
| 1372639364620000015 |
| 1372639441620000012 |
| 1372640338620000423 |
| 1372641197620000653 |
| 1372641991620000231 |
| 1372642071620000305 |
| 1372642706620000653 |
| 1372643415620000653 |
| 1372643825620000569 |
| 1372646982620000600 |
| 1372648688620000308 |
| 1372649313620000231 |
| 1372650736620000012 |
+---------------------+